1.00000	0.47432	1.00000	0.47831
0.99081	0.28062	0.99081	0.27464
0.97881	0.22220	0.97881	0.21043
0.96527	0.17357	0.96527	0.15536
0.95030	0.13546	0.95030	0.11099
0.93413	0.10287	0.93413	0.07208
0.91705	0.07440	0.91705	0.03727
0.89934	0.04909	0.89934	0.00561
0.88122	0.02627	0.88122	-0.02354
0.86284	0.00546	0.86284	-0.05068
0.84429	-0.01376	0.84429	-0.07622
0.82565	-0.03168	0.82565	-0.10050
0.80694	-0.04857	0.80694	-0.12377
0.78820	-0.06464	0.78820	-0.14628
0.76943	-0.08003	0.76943	-0.16820
0.75065	-0.09490	0.75065	-0.18969
0.73186	-0.10935	0.73186	-0.21088
0.71308	-0.12347	0.71308	-0.23190
0.69429	-0.13734	0.69429	-0.25282
0.67552	-0.15103	0.67552	-0.27375
0.65675	-0.16459	0.65675	-0.29477
0.63800	-0.17807	0.63800	-0.31593
0.61928	-0.19150	0.61928	-0.33730
0.60057	-0.20492	0.60057	-0.35895
0.58189	-0.21836	0.58189	-0.38091
0.56325	-0.23182	0.56325	-0.40325
0.54464	-0.24534	0.54464	-0.42601
0.52607	-0.25892	0.52607	-0.44923
0.50754	-0.27256	0.50754	-0.47296
0.48906	-0.28626	0.48906	-0.49722
0.47064	-0.30003	0.47064	-0.52207
0.45228	-0.31384	0.45228	-0.54754
0.43398	-0.32769	0.43398	-0.57366
0.41576	-0.34156	0.41576	-0.60047
0.39762	-0.35542	0.39762	-0.62800
0.37956	-0.36924	0.37956	-0.65630
0.36161	-0.38298	0.36161	-0.68541
0.34376	-0.39659	0.34376	-0.71536
0.32602	-0.41002	0.32602	-0.74619
0.30842	-0.42320	0.30842	-0.77796
0.29097	-0.43606	0.29097	-0.81071
0.27369	-0.44850	0.27369	-0.84448
0.25660	-0.46042	0.25660	-0.87935
0.23973	-0.47170	0.23973	-0.91534
0.22312	-0.48220	0.22312	-0.95253
0.20681	-0.49175	0.20681	-0.99096
0.19087	-0.50017	0.19087	-1.03064
0.17536	-0.50724	0.17536	-1.07159
0.16037	-0.51273	0.16037	-1.11376
0.14599	-0.51640	0.14599	-1.15704
0.13232	-0.51800	0.13232	-1.20128
0.11945	-0.51732	0.11945	-1.24624
0.10747	-0.51416	0.10747	-1.29161
0.09643	-0.50836	0.09643	-1.33706
0.08632	-0.49983	0.08632	-1.38227
0.07714	-0.48847	0.07714	-1.42691
0.06884	-0.47420	0.06884	-1.47071
0.06134	-0.45692	0.06134	-1.51339
0.05459	-0.43648	0.05459	-1.55472
0.04849	-0.41267	0.04849	-1.59438
0.04297	-0.38523	0.04297	-1.63204
0.03798	-0.35384	0.03798	-1.66728
0.03345	-0.31808	0.03345	-1.69950
0.02933	-0.27746	0.02933	-1.72797
0.02558	-0.23140	0.02558	-1.75170
0.02216	-0.17923	0.02216	-1.76940
0.01905	-0.12025	0.01905	-1.77942
0.01621	-0.05374	0.01621	-1.77964
0.01362	0.02099	0.01362	-1.76740
0.01129	0.10445	0.01129	-1.73948
0.00918	0.19685	0.00918	-1.69208
0.00730	0.29778	0.00730	-1.62100
0.00564	0.40594	0.00564	-1.52197
0.00419	0.51878	0.00419	-1.39136
0.00296	0.63220	0.00296	-1.22718
0.00195	0.74057	0.00195	-1.03029
0.00116	0.83722	0.00116	-0.80542
0.00058	0.91534	0.00058	-0.56165
0.00020	0.96955	0.00020	-0.31093
0.00002	0.99667	0.00002	-0.06748
0.00002	0.99667	0.00002	0.15676
0.00020	0.96955	0.00020	0.36436
0.00058	0.91534	0.00058	0.55115
0.00116	0.83722	0.00116	0.70860
0.00195	0.74057	0.00195	0.83183
0.00296	0.63220	0.00296	0.91931
0.00419	0.51878	0.00419	0.97301
0.00564	0.40594	0.00564	0.99725
0.00730	0.29778	0.00730	0.99744
0.00918	0.19685	0.00918	0.97903
0.01129	0.10445	0.01129	0.94695
0.01362	0.02099	0.01362	0.90525
0.01621	-0.05374	0.01621	0.85712
0.01905	-0.12025	0.01905	0.80497
0.02216	-0.17923	0.02216	0.75057
0.02558	-0.23140	0.02558	0.69519
0.02933	-0.27746	0.02933	0.63971
0.03345	-0.31808	0.03345	0.58474
0.03798	-0.35384	0.03798	0.53070
0.04297	-0.38523	0.04297	0.47785
0.04849	-0.41267	0.04849	0.42641
0.05459	-0.43648	0.05459	0.37655
0.06134	-0.45692	0.06134	0.32842
0.06884	-0.47420	0.06884	0.28217
0.07714	-0.48847	0.07714	0.23801
0.08632	-0.49983	0.08632	0.19616
0.09643	-0.50836	0.09643	0.15688
0.10747	-0.51416	0.10747	0.12044
0.11945	-0.51732	0.11945	0.08708
0.13232	-0.51800	0.13232	0.05697
0.14599	-0.51640	0.14599	0.03020
0.16037	-0.51273	0.16037	0.00674
0.17536	-0.50724	0.17536	-0.01354
0.19087	-0.50017	0.19087	-0.03084
0.20681	-0.49175	0.20681	-0.04538
0.22312	-0.48220	0.22312	-0.05744
0.23973	-0.47170	0.23973	-0.06726
0.25660	-0.46042	0.25660	-0.07510
0.27369	-0.44850	0.27369	-0.08117
0.29097	-0.43606	0.29097	-0.08569
0.30842	-0.42320	0.30842	-0.08885
0.32602	-0.41002	0.32602	-0.09079
0.34376	-0.39659	0.34376	-0.09169
0.36161	-0.38298	0.36161	-0.09165
0.37956	-0.36924	0.37956	-0.09079
0.39762	-0.35542	0.39762	-0.08922
0.41576	-0.34156	0.41576	-0.08703
0.43398	-0.32769	0.43398	-0.08428
0.45228	-0.31384	0.45228	-0.08105
0.47064	-0.30003	0.47064	-0.07739
0.48906	-0.28626	0.48906	-0.07335
0.50754	-0.27256	0.50754	-0.06897
0.52607	-0.25892	0.52607	-0.06430
0.54464	-0.24534	0.54464	-0.05935
0.56325	-0.23182	0.56325	-0.05414
0.58189	-0.21836	0.58189	-0.04870
0.60057	-0.20492	0.60057	-0.04303
0.61928	-0.19150	0.61928	-0.03713
0.63800	-0.17807	0.63800	-0.03099
0.65675	-0.16459	0.65675	-0.02462
0.67552	-0.15103	0.67552	-0.01798
0.69429	-0.13734	0.69429	-0.01105
0.71308	-0.12347	0.71308	-0.00381
0.73186	-0.10935	0.73186	0.00381
0.75065	-0.09490	0.75065	0.01185
0.76943	-0.08003	0.76943	0.02039
0.78820	-0.06464	0.78820	0.02952
0.80694	-0.04857	0.80694	0.03936
0.82565	-0.03168	0.82565	0.05004
0.84429	-0.01376	0.84429	0.06175
0.86284	0.00546	0.86284	0.07471
0.88122	0.02627	0.88122	0.08923
0.89934	0.04909	0.89934	0.10568
0.91705	0.07440	0.91705	0.12456
0.93413	0.10287	0.93413	0.14651
0.95030	0.13546	0.95030	0.17251
0.96527	0.17357	0.96527	0.20398
0.97881	0.22220	0.97881	0.24560
0.99081	0.28062	0.99081	0.29742
1.00000	0.47432	1.00000	0.47831
